4294967279,15
4294967278,229
4294967278,407
4294967279,22
4294967279,10
4294967278,181
4294967278,177
4294967279,166
4294967279,323
4294967279,261
4294967278,285
4294967278,395
4294967279,252
4294967278,312
359,5
359,4
359,3
359,2
359,1
4294967279,379
4294967278,439
356,4
356,3
356,2
356,1
4294967278,438
355,4
355,3
355,2
355,1
354,7
4294967279,305
4294967278,196
354,6
354,5
354,4
354,3
354,2
354,1
4294967278,405
4294967278,437
4294967279,537
4294967294,418
4294967278,78
4294967278,191
4294967279,184
4294967278,182
351,7
4294967278,302
4294967279,63
4294967279,560
351,6
351,5
4294967279,169
351,4
351,3
351,2
351,1
4294967279,165
4294967278,357
4294967278,148
4294967278,355
348,5
348,4
348,3
348,2
348,1
4294967278,436
4294967279,378
4294967279,377
4294967278,289
346,5
346,4
346,3
346,2
346,1
4294967278,435
4294967279,338
4294967279,544
4294967279,575
4294967279,376
344,5
344,4
344,3
344,2
344,1
4294967278,318
342,4
342,3
342,2
342,1
4294967278,394
4294967294,437
4294967294,1422
4294967278,397
341,5
341,4
341,3
341,2
341,1
4294967279,246
340,4
340,3
340,2
340,1
339,5
339,4
339,3
339,2
339,1
338,4
338,3
338,2
338,1
337,4
337,3
337,2
337,1
336,6
4294967279,321
336,5
336,4
4294967278,206
336,3
336,2
336,1
335,4
335,3
335,2
335,1
333,4
333,3
333,2
333,1
4294967278,434
4294967294,385
4294967294,467
4294967294,112
4294967279,375
4294967279,526
4294967278,433
4294967279,374
4294967279,373
4294967279,372
4294967279,371
4294967278,298
4294967279,54
4294967279,549
4294967278,432
4294967279,370
4294967294,75
4294967294,104
4294967294,106
4294967294,169
4294967294,174
4294967294,18
4294967294,127
4294967294,14
4294967294,126
4294967294,20
4294967294,13
4294967278,215
4294967279,554
4294967279,564
4294967278,111
4294967278,82
4294967278,66
4294967278,295
4294967278,88
4294967278,322
4294967279,325
4294967279,37
4294967279,35
4294967279,32
4294967279,29
4294967279,23
4294967279,21
4294967279,18
4294967279,519
4294967279,260
4294967279,4
4294967279,369
4294967278,73
4294967278,431
4294967279,49
4294967278,139
4294967279,136
4294967279,135
4294967278,135
4294967278,287
4294967279,9
4294967279,253
4294967278,258
4294967278,317
4294967278,315
4294967278,314
4294967279,337
4294967279,368
332,5
332,4
332,3
332,2
332,1
4294967279,543
4294967279,542
4294967279,367
329,4
329,3
329,2
329,1
4294967278,192
328,4
328,3
328,2
328,1
327,7
4294967278,381
4294967294,413
4294967294,420
4294967294,403
4294967294,406
4294967294,414
4294967294,456
4294967294,410
327,6
327,5
327,4
327,3
327,2
327,1
4294967278,61
4294967279,46
4294967279,48
4294967279,47
324,7
4294967279,43
324,6
324,5
324,4
324,3
324,2
324,1
4294967279,34
4294967279,20
4294967279,336
4294967278,284
321,5
321,4
321,3
321,2
321,1
4294967278,279
4294967279,6
4294967278,388
4294967278,367
319,5
319,4
319,3
319,2
319,1
4294967279,311
317,5
317,4
317,2
317,1
4294967278,230
315,4
315,3
315,2
315,1
4294967294,1421
4294967279,218
314,5
314,4
314,3
314,2
314,1
4294967279,211
313,4
313,3
313,2
313,1
312,5
4294967279,204
312,4
312,3
312,2
312,1
4294967278,202
4294967278,376
311,4
4294967278,198
311,3
311,2
311,1
4294967278,430
4294967278,197
4294967279,197
310,4
310,3
310,2
310,1
4294967278,341
4294967294,415
4294967294,404
309,6
309,5
309,4
309,3
309,2
309,1
308,4
4294967278,183
308,3
308,2
308,1
4294967278,333
4294967278,178
306,4
306,3
306,2
306,1
4294967278,396
4294967278,429
4294967279,531
4294967279,292
4294967278,401
4294967294,388
4294967279,156
4294967279,366
4294967279,523
4294967279,326
4294967278,387
4294967278,292
4294967279,521
4294967278,428
4294967279,558
4294967278,400
4294967279,137
4294967278,134
4294967279,280
4294967278,399
4294967278,320
4294967278,262
4294967278,261
4294967279,254
4294967279,318
4294967278,427
4294967279,237
4294967279,231
4294967279,223
4294967278,222
4294967278,220
4294967278,216
4294967278,209
4294967279,306
4294967278,426
4294967278,204
4294967278,203
4294967279,201
4294967278,200
4294967279,191
4294967278,190
4294967278,189
4294967279,177
4294967278,176
4294967278,175
4294967278,161
4294967278,398
4294967278,249
4294967278,231
4294967278,225
4294967279,244
4294967279,230
4294967279,44
4294967279,524
4294967279,288
4294967278,385
305,5
305,4
305,3
305,2
305,1
4294967294,395
4294967294,454
4294967294,386
4294967294,160
4294967294,466
4294967279,566
4294967279,365
4294967279,540
4294967279,0
4294967278,369
4294967294,115
4294967278,274
302,4
302,3
302,2
302,1
301,4
301,3
301,2
301,1
4294967279,514
300,7
4294967278,221
4294967278,245
4294967279,329
300,6
300,5
300,4
300,3
300,2
300,1
4294967278,239
4294967278,238
4294967278,232
4294967278,234
4294967278,228
4294967279,227
4294967279,226
4294967278,224
4294967279,221
297,7
4294967278,349
4294967279,364
4294967278,235
4294967278,210
297,6
4294967278,207
297,5
297,4
297,3
297,2
297,1
4294967278,310
4294967278,346
4294967279,203
4294967279,202
4294967278,201
4294967278,344
4294967279,200
4294967278,199
4294967279,571
4294967278,194
4294967279,193
4294967278,337
4294967279,301
4294967279,363
4294967278,185
4294967279,527
294,5
294,4
294,3
294,2
294,1
4294967278,180
4294967278,179
4294967279,178
292,5
292,4
292,3
292,2
292,1
4294967279,163
290,5
290,4
290,2
290,1
4294967294,1171
4294967294,407
4294967294,398
4294967294,180
4294967294,109
4294967294,458
4294967294,453
4294967279,147
4294967278,147
288,4
4294967278,146
288,3
288,2
288,1
4294967279,145
4294967278,145
4294967279,144
4294967278,382
287,5
287,4
287,3
287,2
287,1
4294967279,138
4294967278,138
4294967278,277
286,4
286,3
286,2
286,1
4294967278,136
4294967279,134
4294967279,546
285,5
285,4
4294967279,282
285,3
285,2
285,1
4294967279,279
4294967278,273
284,4
284,3
284,2
284,1
4294967279,264
283,4
283,3
283,2
283,1
4294967294,1420
4294967294,393
4294967278,368
4294967278,263
282,6
4294967279,516
282,5
282,4
282,3
282,2
282,1
281,4
281,3
281,2
281,1
4294967278,255
4294967279,251
4294967294,468
4294967294,1
4294967294,1000
279,4
4294967279,245
279,3
279,2
279,1
0,7
4294967294,0
4294967294,389
4294967294,120
4294967278,393
4294967279,517
4294967278,377
4294967279,309
4294967279,362
4294967279,232
4294967294,29
4294967294,186
4294967294,1001
4294967294,28
4294967294,183
4294967294,1175
4294967294,164
4294967294,416
4294967294,390
4294967294,114
4294967279,574
4294967294,45
4294967279,361
4294967294,2
4294967294,40
4294967294,38
4294967294,37
4294967294,89
4294967294,107
4294967294,91
4294967294,90
4294967294,87
4294967294,86
4294967294,85
4294967294,84
4294967294,1173
4294967294,53
4294967294,427
4294967294,44
4294967294,96
4294967294,94
4294967294,8
4294967294,36
4294967294,39
4294967294,424
4294967278,0
4294967278,260
4294967294,5
4294967278,184
4294967279,182
4294967278,163
4294967294,22
4294967294,17
4294967294,42
4294967294,99
4294967294,76
4294967294,41
4294967294,1018
4294967294,26
4294967279,160
4294967294,30
4294967294,1167
4294967294,1166
4294967294,1164
4294967294,1163
4294967294,1158
4294967294,1019
4294967294,992
4294967294,990
4294967294,989
4294967294,988
4294967294,987
4294967294,60
4294967294,82
4294967294,67
4294967294,25
4294967294,93
4294967294,95
4294967294,50
4294967294,436
4294967294,43
4294967294,417
4294967294,51
4294967294,52
4294967294,12
4294967294,1016
4294967294,27
4294967294,46
4294967294,1095
4294967294,1094
4294967294,1093
4294967294,1090
4294967294,1009
4294967294,1006
4294967294,999
